[[3.06664, 0.69989, 3.0, 0.04873],
[3.21372, 0.69357, 3.0, 0.04907],
[3.36169, 0.6893, 3.0, 0.04934],
[3.51032, 0.68657, 3.0, 0.04955],
[3.6594, 0.68496, 3.0, 0.0497],
[3.8088, 0.68412, 3.0, 0.0498],
[3.9584, 0.68379, 3.0, 0.04986],
[4.10793, 0.68414, 3.0, 0.04984],
[4.25712, 0.68535, 3.0, 0.04973],
[4.40585, 0.68761, 3.0, 0.04958],
[4.55396, 0.69115, 3.0, 0.04939],
[4.70133, 0.69619, 3.0, 0.04915],
[4.84783, 0.70293, 3.0, 0.04888],
[4.99331, 0.71158, 3.0, 0.04858],
[5.13763, 0.72237, 2.76436, 0.05235],
[5.28066, 0.73548, 2.51368, 0.05714],
[5.42227, 0.75106, 2.27233, 0.06269],
[5.56233, 0.76926, 2.04347, 0.06912],
[5.70059, 0.79043, 1.82599, 0.0766],
[5.83677, 0.81492, 1.61765, 0.08553],
[5.97044, 0.84325, 1.43322, 0.09534],
[6.10109, 0.87602, 1.26705, 0.10631],
[6.22807, 0.91394, 1.10213, 0.12023],
[6.35051, 0.95783, 1.10213, 0.11802],
[6.46729, 1.00867, 1.10213, 0.11557],
[6.57689, 1.06758, 1.10213, 0.11289],
[6.67731, 1.1357, 1.0, 0.12134],
[6.76588, 1.21406, 1.0, 0.11827],
[6.83839, 1.3035, 1.0, 0.11513],
[6.8965, 1.40041, 1.0, 0.113],
[6.94112, 1.50274, 1.0, 0.11163],
[6.96947, 1.60974, 1.0, 0.11069],
[6.97707, 1.71948, 1.08365, 0.10151],
[6.96702, 1.82873, 1.0957, 0.10013],
[6.94149, 1.93565, 1.0957, 0.10032],
[6.90175, 2.03894, 1.0957, 0.10101],
[6.84699, 2.13674, 1.0957, 0.1023],
[6.77574, 2.22619, 1.21092, 0.09444],
[6.69117, 2.307, 1.34777, 0.08679],
[6.5958, 2.37958, 1.50431, 0.07967],
[6.49161, 2.44467, 1.71585, 0.07159],
[6.38049, 2.50335, 1.92639, 0.06523],
[6.26371, 2.5565, 2.19142, 0.05855],
[6.14243, 2.60505, 2.56223, 0.05099],
[6.01777, 2.65004, 3.0, 0.04418],
[5.89082, 2.69257, 3.0, 0.04463],
[5.76272, 2.73384, 3.0, 0.04486],
[5.63017, 2.77782, 3.0, 0.04655],
[5.49811, 2.82317, 3.0, 0.04654],
[5.36667, 2.87018, 3.0, 0.04653],
[5.23602, 2.9192, 3.0, 0.04651],
[5.10632, 2.97055, 3.0, 0.0465],
[4.97777, 3.02458, 3.0, 0.04648],
[4.85051, 3.08159, 3.0, 0.04648],
[4.72465, 3.14171, 3.0, 0.04649],
[4.60022, 3.20493, 3.0, 0.04652],
[4.47719, 3.27112, 3.0, 0.04657],
[4.35549, 3.34005, 3.0, 0.04662],
[4.23502, 3.41139, 3.0, 0.04667],
[4.11568, 3.48475, 3.0, 0.0467],
[3.99733, 3.55968, 3.0, 0.04669],
[3.87982, 3.63569, 2.66112, 0.05259],
[3.76284, 3.71231, 2.26772, 0.06166],
[3.64732, 3.78753, 1.9755, 0.06978],
[3.53132, 3.86145, 1.72036, 0.07996],
[3.41449, 3.93319, 1.72036, 0.07969],
[3.29649, 4.00174, 1.72036, 0.07933],
[3.17696, 4.06601, 1.72036, 0.07888],
[3.05548, 4.12441, 1.72036, 0.07835],
[2.93169, 4.17515, 1.72036, 0.07776],
[2.80549, 4.21581, 1.89765, 0.06987],
[2.67785, 4.24822, 1.96995, 0.06685],
[2.5493, 4.27301, 1.90274, 0.06881],
[2.42021, 4.29067, 1.81229, 0.07189],
[2.29093, 4.30153, 1.64511, 0.07886],
[2.16175, 4.30562, 1.50063, 0.08613],
[2.03303, 4.30283, 1.3435, 0.09583],
[1.90519, 4.29292, 1.18159, 0.10852],
[1.7788, 4.27535, 1.09334, 0.11671],
[1.65459, 4.24957, 1.09334, 0.11603],
[1.53376, 4.21418, 1.09334, 0.11516],
[1.41797, 4.16786, 1.09334, 0.11406],
[1.30974, 4.10893, 1.09334, 0.11271],
[1.21287, 4.03538, 1.09334, 0.11124],
[1.13093, 3.94692, 1.12668, 0.10702],
[1.06435, 3.84609, 1.24962, 0.09669],
[1.01121, 3.73603, 1.37533, 0.08887],
[0.96999, 3.61869, 1.50145, 0.08283],
[0.93956, 3.49541, 1.63892, 0.07748],
[0.91891, 3.36729, 1.78732, 0.07261],
[0.90708, 3.23527, 1.93172, 0.06862],
[0.90334, 3.10018, 2.10254, 0.06427],
[0.90681, 2.9629, 2.22701, 0.06166],
[0.91698, 2.82419, 2.33039, 0.05968],
[0.93341, 2.68483, 2.41382, 0.05813],
[0.95571, 2.54557, 2.41192, 0.05847],
[0.98342, 2.40706, 2.28904, 0.06171],
[1.01626, 2.26986, 2.13693, 0.06602],
[1.05392, 2.13444, 1.94961, 0.0721],
[1.09624, 2.00121, 1.77206, 0.07888],
[1.14311, 1.87057, 1.59503, 0.08702],
[1.19482, 1.7431, 1.41812, 0.097],
[1.25158, 1.61938, 1.2416, 0.10963],
[1.31382, 1.50015, 1.2416, 0.10832],
[1.38221, 1.38643, 1.2416, 0.10688],
[1.45757, 1.27943, 1.2416, 0.10541],
[1.54096, 1.18072, 1.2416, 0.10408],
[1.63386, 1.09253, 1.2416, 0.10317],
[1.7384, 1.01844, 1.46264, 0.0876],
[1.85098, 0.955, 1.62135, 0.0797],
[1.97002, 0.90067, 1.75684, 0.07448],
[2.09459, 0.85453, 1.90108, 0.06987],
[2.2239, 0.81579, 2.05818, 0.06559],
[2.35729, 0.78373, 2.23036, 0.06151],
[2.49419, 0.75767, 2.42455, 0.05748],
[2.63406, 0.73695, 2.66064, 0.05314],
[2.77639, 0.72086, 2.92898, 0.0489],
[2.92074, 0.70874, 3.0, 0.04828]]